572 494 30 26 0.506447
182 191 23 24 0.507268
457 281 27 16 0.507311
13 70 25 23 0.508609
470 167 30 18 0.509025
550 36 25 25 0.509094
339 179 29 22 0.510103
439 150 19 28 0.511247
551 37 25 25 0.514457
163 169 24 26 0.520441
457 267 28 17 0.52369
457 267 27 18 0.526052
467 183 26 16 0.526257
237 279 23 24 0.527888
458 281 25 17 0.52935
182 191 23 24 0.530998
424 147 22 32 0.531284
466 200 24 14 0.531602
469 166 30 19 0.532636
87 103 26 23 0.535049
419 187 27 22 0.535823
237 279 23 25 0.536103
354 243 24 27 0.536131
354 137 24 20 0.536585
339 179 28 22 0.53861
466 200 25 13 0.539178
420 188 27 22 0.539771
373 356 26 23 0.54159
395 136 21 28 0.544015
573 460 30 24 0.544385
461 215 24 18 0.546592
424 147 20 30 0.547112
395 137 21 28 0.547162
439 150 18 28 0.547707
163 169 23 26 0.548244
357 123 26 16 0.548422
467 183 26 15 0.549551
409 143 20 28 0.55038
470 168 30 17 0.550605
406 295 25 29 0.552421
419 187 27 22 0.552647
457 281 28 16 0.553603
58 78 28 27 0.553725
34 113 28 23 0.55384
407 295 25 28 0.554045
373 356 26 24 0.556
28 59 30 28 0.557081
424 147 20 29 0.557493
373 356 26 24 0.55826
88 103 26 23 0.559512
357 122 25 15 0.559523
550 36 25 24 0.564442
407 294 25 28 0.566143
457 281 27 16 0.567549
163 169 23 25 0.567783
371 287 26 23 0.568221
357 122 26 16 0.56837
163 169 23 26 0.569914
13 70 26 23 0.570809
58 78 28 26 0.571264
28 59 31 27 0.57184
461 215 24 18 0.571973
87 102 27 24 0.573077
572 519 26 22 0.573481
460 238 24 17 0.573861
371 287 25 22 0.573864
13 70 25 23 0.573876
395 136 21 28 0.575105
182 191 22 23 0.575292
424 147 20 30 0.575479
353 138 24 21 0.57618
457 280 27 17 0.576481
182 191 23 23 0.577183
419 188 27 21 0.578189
372 356 27 23 0.578287
397 305 23 24 0.578385
457 267 28 16 0.578604
413 217 26 20 0.580229
407 295 25 29 0.580672
458 267 27 17 0.581494
460 237 24 17 0.583148
75 115 26 26 0.584343
467 182 25 17 0.584771
466 200 25 13 0.585458
371 287 25 22 0.585478
58 78 28 27 0.586737
353 137 24 21 0.587281
409 143 20 28 0.587814
353 138 24 21 0.588231
354 243 24 27 0.588881
457 267 28 18 0.589092
353 138 25 20 0.589811
371 287 26 23 0.590383
419 188 26 21 0.591477
371 287 25 22 0.594529
414 216 26 20 0.595391
151 105 25 30 0.597395
424 147 20 30 0.59883
419 188 27 21 0.598937
58 78 28 26 0.599058
571 519 26 23 0.600106
572 519 27 23 0.600117
74 115 27 26 0.600279
28 60 30 28 0.600365
373 356 26 23 0.60048
80 147 28 27 0.60155
457 280 28 16 0.602367
58 78 28 27 0.603428
409 142 21 27 0.60568
413 232 24 21 0.606495
371 287 25 22 0.606934
462 215 24 18 0.6079
182 191 23 23 0.609037
34 112 27 23 0.61018
13 69 25 23 0.610522
339 179 27 21 0.610812
354 243 24 28 0.611862
58 78 27 26 0.612053
211 235 28 28 0.612168
35 113 28 22 0.612378
439 150 19 29 0.614519
397 304 24 24 0.614839
460 237 24 17 0.614907
470 167 30 19 0.615579
373 356 26 24 0.616095
87 102 26 25 0.617365
395 136 22 28 0.617867
462 215 24 19 0.619035
412 281 24 27 0.619138
371 287 27 23 0.620492
419 188 27 20 0.622594
571 519 27 23 0.623858
413 232 25 22 0.624775
409 143 21 28 0.626073
339 180 28 22 0.62609
409 143 20 26 0.626232
406 245 25 21 0.627268
211 235 28 28 0.627434
412 280 24 26 0.628177
339 180 29 22 0.629794
28 59 30 27 0.630583
470 167 30 19 0.632185
466 199 24 14 0.632189
460 237 25 17 0.632198
466 183 27 16 0.632499
13 70 25 23 0.633202
413 217 26 20 0.636339
353 139 24 21 0.638887
573 460 29 24 0.639327
458 267 28 16 0.640175
571 519 26 23 0.640654
461 215 25 18 0.641756
28 59 30 28 0.641785
573 460 28 24 0.641938
237 279 24 24 0.641946
163 169 23 25 0.64223
339 179 28 22 0.642536
237 279 23 24 0.643069
211 235 28 28 0.643109
424 147 20 29 0.644338
407 244 25 21 0.644384
395 137 21 28 0.644918
410 143 20 28 0.645227
373 356 26 23 0.645601
412 281 24 27 0.646017
470 168 30 18 0.64611
573 460 28 24 0.646361
28 59 30 27 0.646391
461 215 24 18 0.646692
397 305 23 24 0.646805
412 280 24 27 0.64684
79 147 29 28 0.647304
339 180 28 22 0.647836
151 106 25 30 0.648004
151 105 24 31 0.648189
409 142 19 26 0.648394
573 460 29 24 0.648944
211 235 28 27 0.649452
571 519 26 23 0.649757
354 243 24 27 0.650442
339 179 28 22 0.650887
412 281 24 28 0.653031
424 147 20 30 0.653771
414 217 26 21 0.655881
397 304 24 25 0.656506
573 460 29 24 0.657918
28 59 30 28 0.658381
407 245 25 21 0.659116
413 232 25 22 0.659812
28 59 30 27 0.660111
371 287 26 23 0.661612
461 215 24 19 0.66199
151 106 25 31 0.662656
354 243 25 26 0.663509
238 279 24 24 0.666258
87 102 27 24 0.667303
138 145 28 28 0.667425
413 232 25 22 0.668071
339 179 28 21 0.668679
413 217 27 20 0.668785
339 180 29 22 0.669419
413 232 25 22 0.670179
151 106 25 31 0.672664
182 191 22 23 0.67267
572 494 30 26 0.672833
406 244 25 21 0.673322
407 295 25 28 0.67365
467 183 26 16 0.673712
467 183 26 16 0.674052
414 232 25 22 0.674161
59 78 28 27 0.674376
138 145 27 28 0.675088
395 136 21 28 0.675092
79 147 28 28 0.678695
573 460 29 24 0.679668
466 200 24 13 0.680068
238 279 24 24 0.680745
151 106 25 31 0.680763
28 59 30 28 0.68207
412 281 25 27 0.683015
34 112 27 23 0.684696
407 245 25 21 0.685964
138 145 27 29 0.68625
572 519 26 24 0.687335
572 460 29 25 0.687611
75 115 26 26 0.688629
79 147 27 28 0.690802
211 235 28 28 0.691259
573 494 30 25 0.691485
34 112 27 23 0.692068
34 112 27 23 0.694456
413 217 26 20 0.694585
75 115 26 25 0.695396
573 460 29 24 0.69708
354 244 24 28 0.698633
573 495 30 26 0.699674
573 494 30 26 0.702407
138 145 27 28 0.704762
354 244 24 27 0.706117
211 235 28 28 0.706737
182 191 23 24 0.707277
413 217 27 20 0.707883
79 147 28 28 0.70807
212 235 28 28 0.708275
414 216 26 21 0.708389
34 113 27 23 0.708612
572 495 28 25 0.710071
79 147 28 28 0.710642
301 311 28 25 0.711844
301 311 27 25 0.713753
396 305 23 24 0.713791
354 243 24 27 0.713827
138 145 28 28 0.716741
573 494 29 25 0.716756
34 112 26 22 0.717091
573 495 30 26 0.717141
74 115 25 25 0.717452
79 147 28 27 0.718401
211 235 28 28 0.719887
211 235 29 28 0.72064
138 145 27 27 0.725999
163 168 24 26 0.730035
301 311 28 24 0.731679
34 112 27 23 0.733185
75 115 25 25 0.733758
211 235 29 28 0.733996
211 235 29 28 0.736034
138 145 26 28 0.738442
58 78 28 26 0.739266
75 115 26 26 0.740536
397 305 23 24 0.7433
354 243 24 27 0.744063
28 59 30 27 0.749984
238 279 23 24 0.752775
75 115 26 25 0.753868
138 145 27 28 0.75486
301 311 28 25 0.755811
397 304 24 24 0.756028
395 136 22 29 0.756503
79 147 28 27 0.757555
151 106 25 31 0.759791
301 312 28 25 0.761474
75 115 27 24 0.76356
79 147 28 28 0.765453
301 311 28 25 0.766533
573 494 29 25 0.777172
301 311 28 25 0.788805
138 145 28 28 0.791834
573 460 29 25 0.802706
302 312 27 26 0.810359
138 145 28 28 0.818714
